param_base[0] = 0.03542760759592056;
param_base[1] = 0.3231023848056793;
param_base[2] = 0.1270117461681366;
param_base[3] = -0.31561025977134705;
param_base[4] = -0.010850653983652592;
param_base[5] = 0.0004829692479688674;
