param_base[0] = 0.08454752713441849;
param_base[1] = -0.0075812023133039474;
param_base[2] = 0.07012958079576492;
param_base[3] = -0.09715630114078522;
param_base[4] = -0.04871366173028946;
param_base[5] = -0.00646146759390831;
param_base[6] = 0.051492832601070404;
param_base[7] = 0.007773550692945719;
param_base[8] = -0.16751021146774292;
param_base[9] = -0.065240278840065;
param_base[10] = 0.08561161905527115;
param_base[11] = -0.09434331953525543;
param_base[12] = -0.04449489340186119;
param_base[13] = -0.02733391709625721;
param_base[14] = -0.13376444578170776;
param_base[15] = -0.004755441565066576;
