param_base[0] = 0.029952142387628555;
param_base[1] = -0.022524232044816017;
param_base[2] = 0.14411528408527374;
param_base[3] = -0.0276808962225914;
param_base[4] = -0.08651311695575714;
param_base[5] = -0.08364685624837875;
param_base[6] = -0.02301730401813984;
param_base[7] = 0.07791650295257568;
param_base[8] = -0.046709995716810226;
param_base[9] = -0.10883542150259018;
param_base[10] = -0.02099793218076229;
param_base[11] = -0.07411209493875504;
param_base[12] = 0.00824273657053709;
param_base[13] = -0.00041718047577887774;
param_base[14] = 0.06320688128471375;
param_base[15] = -0.041862595826387405;
param_base[16] = 0.04852963238954544;
param_base[17] = 0.03998494893312454;
param_base[18] = -0.026637261733412743;
param_base[19] = -0.04592900723218918;
param_base[20] = -0.041231948882341385;
param_base[21] = 0.09048985689878464;
param_base[22] = 0.13721376657485962;
param_base[23] = -0.05098126456141472;
param_base[24] = 0.044551972299814224;
param_base[25] = -0.04815115034580231;
param_base[26] = 0.07615317404270172;
param_base[27] = -0.07081202417612076;
param_base[28] = 0.08528347313404083;
param_base[29] = -0.030546599999070168;
param_base[30] = 0.1341407299041748;
param_base[31] = 0.0596596784889698;
param_base[32] = 0.10640950500965118;
param_base[33] = -0.029497269541025162;
param_base[34] = 0.042562779039144516;
param_base[35] = 0.05040181800723076;
param_base[36] = -0.09098119288682938;
param_base[37] = -0.07944761216640472;
param_base[38] = 0.0004910602583549917;
param_base[39] = 0.06988668441772461;
param_base[40] = 0.06300794333219528;
param_base[41] = 0.054043419659137726;
param_base[42] = 0.06157822906970978;
param_base[43] = -0.0656520202755928;
param_base[44] = -0.03797551617026329;
param_base[45] = -0.104130819439888;
param_base[46] = 0.06916435062885284;
param_base[47] = 0.14860953390598297;
param_base[48] = -0.06765716522932053;
param_base[49] = 0.08846309036016464;
param_base[50] = 0.029025280848145485;
param_base[51] = 0.055300455540418625;
param_base[52] = -0.01897634193301201;
param_base[53] = -0.022464163601398468;
param_base[54] = 0.036916185170412064;
param_base[55] = 0.1055060625076294;
param_base[56] = 0.013460636138916016;
param_base[57] = 0.044633883982896805;
param_base[58] = -0.058023642748594284;
param_base[59] = -0.053726885467767715;
param_base[60] = 0.06292759627103806;
param_base[61] = 0.09354281425476074;
param_base[62] = 0.0821135938167572;
param_base[63] = -0.00638533802703023;
param_base[64] = 0.009768323972821236;
param_base[65] = -0.07226688414812088;
param_base[66] = -0.06987471878528595;
param_base[67] = 0.06644444167613983;
param_base[68] = -0.02905292622745037;
param_base[69] = 0.07648207992315292;
param_base[70] = 0.10555621236562729;
param_base[71] = 0.08728193491697311;
param_base[72] = 0.0021603545174002647;
param_base[73] = -0.04821312054991722;
param_base[74] = 0.003050154773518443;
param_base[75] = -0.06361987441778183;
param_base[76] = 0.07898001372814178;
param_base[77] = -0.05940493196249008;
param_base[78] = 0.12876515090465546;
param_base[79] = -0.03308883309364319;
param_base[80] = -0.06701985746622086;
param_base[81] = 0.013016050681471825;
param_base[82] = 0.027058452367782593;
param_base[83] = 0.15045803785324097;
