param_base[0] = -0.12604093551635742;
param_base[1] = 0.09759828448295593;
param_base[2] = -0.07520998269319534;
param_base[3] = 0.08454802632331848;
param_base[4] = -0.10820024460554123;
param_base[5] = 0.01852838508784771;
param_base[6] = -0.16956566274166107;
param_base[7] = 0.03695636987686157;
param_base[8] = -0.008908107876777649;
param_base[9] = -0.035229627043008804;
